Tin	DMM7510 100mV
0.00001	4.082E-11
0.000016666	5.04147E-11
2.49993E-05	6.41983E-11
3.33327E-05	7.48318E-11
4.1666E-05	9.00402E-11
4.99993E-05	1.01399E-10
5.83327E-05	1.10307E-10
6.6666E-05	1.23532E-10
7.49993E-05	1.42574E-10
8.33327E-05	1.60082E-10
9.1666E-05	1.7004E-10
9.99993E-05	1.78099E-10
0.000108333	1.65532E-10
0.000116666	2.15482E-10
0.000124999	2.18124E-10
0.000133333	2.63065E-10
0.000141666	2.86024E-10
0.000149999	3.01649E-10
0.000158333	3.11757E-10
0.000166666	3.49999E-10
0.000174999	3.48599E-10
0.000183333	3.55665E-10
0.000191666	3.4519E-10
0.000199999	4.10199E-10
0.000208333	4.37082E-10
0.000216666	4.39399E-10
0.000224999	4.34699E-10
0.000233333	4.65032E-10
0.000241666	5.01457E-10
0.000249999	5.09999E-10
0.000258333	5.2519E-10
0.000266666	5.47732E-10
0.000274999	5.16449E-10
0.000283333	5.21615E-10
0.000291666	5.78957E-10
0.000299999	5.19299E-10
0.000308333	5.55615E-10
0.000316666	5.67149E-10
0.000324999	5.76549E-10
0.000333333	5.10666E-10
0.000341666	5.95182E-10
0.000349999	5.37249E-10
0.000358333	5.49324E-10
0.000366666	5.84099E-10
0.000374999	6.43499E-10
0.000383333	7.05332E-10
0.000391666	5.98074E-10
0.000399999	6.70399E-10
0.000408333	7.01515E-10
0.000416666	7.73332E-10
0.000424999	8.27474E-10
0.000433333	7.57899E-10
0.000441666	7.00924E-10
0.000449999	7.30799E-10
0.000458333	8.1904E-10
0.000466666	9.18399E-10
0.000474999	9.39074E-10
0.000483333	9.27999E-10
0.000491666	9.62682E-10
0.000499999	9.76999E-10
0.000508333	9.54649E-10
0.000516666	9.68232E-10
0.000524999	1.0101E-09
0.000533333	1.00907E-09
0.000541666	1.03675E-09
0.000549999	1.06315E-09
0.000558333	1.06697E-09
0.000566666	1.1186E-09
0.000574999	1.1408E-09
0.000583333	1.14217E-09
0.000591666	1.13245E-09
0.000599999	1.1496E-09
0.000608333	1.16739E-09
0.000616666	1.21113E-09
0.000624999	1.22687E-09
0.000633333	1.10137E-09
0.000641666	1.15051E-09
0.000649999	1.12775E-09
0.000658333	1.10337E-09
0.000666666	1.08E-09
0.000674999	1.1124E-09
0.000683333	1.11247E-09
0.000691666	1.14817E-09
0.000699999	1.1704E-09
0.000708333	1.18646E-09
0.000716666	1.12732E-09
0.000724999	1.1687E-09
0.000733333	1.2122E-09
0.000741666	1.26973E-09
0.000749999	1.24125E-09
0.000758333	1.17769E-09
0.000766666	1.18297E-09
0.000774999	1.1873E-09
0.000783333	1.26352E-09
0.000791666	1.29121E-09
0.000799999	1.3216E-09
0.000808333	1.33052E-09
0.000816666	1.3524E-09
0.000824999	1.3761E-09
0.000833333	1.38417E-09
0.000841666	1.35172E-09
0.000849999	1.3855E-09
0.000858333	1.38449E-09
0.000866666	1.45687E-09
0.000874999	1.44987E-09
0.000883333	1.48665E-09
0.000891666	1.47571E-09
0.000899999	1.5129E-09
0.000908333	1.48967E-09
0.000916666	1.48683E-09
0.000924999	1.48925E-09
0.000933333	1.498E-09
0.000941666	1.51985E-09
0.000949999	1.577E-09
0.000958333	1.58412E-09
0.000966666	1.8212E-09
0.000974999	1.87492E-09
0.000983333	1.85948E-09
0.000991666	1.74236E-09
0.000999999	1.84E-09
0.001	1.782E-09
0.002	3.326E-09
0.003	5.085E-09
0.004	7.052E-09
0.005	7.825E-09
0.006	9.522E-09
0.007	1.4168E-08
0.008	1.1056E-08
0.009	1.1448E-08
0.01	1.178E-08
0.011	1.2562E-08
0.012	9.252E-09
0.013	1.1206E-08
0.014	9.338E-09
0.015	7.71E-09
0.016	6.768E-09
0.017	6.494E-09
0.018	3.942E-09
0.019	2.242E-09
0.02	0.000000001
0.021	2.604E-09
0.022	4.4E-09
0.023	6.049E-09
0.024	7.056E-09
0.025	7.675E-09
0.026	9.022E-09
0.027	1.3095E-08
0.028	1.0248E-08
0.029	1.0962E-08
0.03	1.116E-08
0.031	1.2059E-08
0.032	1.5168E-08
0.033	1.0857E-08
0.034	9.248E-09
0.035	7.77E-09
0.036	6.876E-09
0.037	5.994E-09
0.038	4.674E-09
0.039	2.925E-09
0.04	2.08E-09
0.041	3.403E-09
0.042	6.552E-09
0.043	6.536E-09
0.044	7.876E-09
0.045	8.28E-09
0.046	1.0074E-08
0.047	1.0951E-08
0.048	1.0848E-08
0.049	1.176E-08
0.05	1.185E-08
0.051	1.2291E-08
0.052	1.248E-08
0.053	1.1395E-08
0.054	9.936E-09
0.055	8.58E-09
0.056	7.392E-09
0.057	7.125E-09
0.058	5.046E-09
0.059	3.776E-09
0.06	3.48E-09
0.061	4.758E-09
0.062	5.89E-09
0.063	7.875E-09
0.064	7.424E-09
0.065	8.45E-09
0.066	1.0626E-08
0.067	1.2998E-08
0.068	1.1832E-08
0.069	1.3179E-08
0.07	1.323E-08
0.071	1.2709E-08
0.072	9.432E-09
0.073	1.1826E-08
0.074	1.036E-08
0.075	9.375E-09
0.076	8.74E-09
0.077	6.622E-09
0.078	6.006E-09
0.079	5.767E-09
0.08	5.12E-09
0.081	6.156E-09
0.082	7.052E-09
0.083	9.296E-09
0.084	9.24E-09
0.085	1.003E-08
0.086	1.1266E-08
0.087	1.392E-08
0.088	1.2848E-08
0.089	1.2549E-08
0.09	1.503E-08
0.091	1.4014E-08
0.092	1.3708E-08
0.093	1.3392E-08
0.094	1.1374E-08
0.095	1.0355E-08
0.096	9.6E-09
0.097	9.797E-09
0.098	8.526E-09
0.099	8.019E-09
0.1	3.3E-09
0.1025	6.8675E-09
0.105	1.176E-08
0.1075	1.1395E-08
0.11	1.441E-08
0.1125	1.1475E-08
0.115	7.36E-09
0.1175	4.935E-09
0.12	4.2E-09
0.1225	7.2275E-09
0.125	1.15E-08
0.1275	1.122E-08
0.13	1.469E-08
0.1325	1.23225E-08
0.135	8.505E-09
0.1375	5.5E-09
0.14	4.9E-09
0.1425	7.695E-09
0.145	1.131E-08
0.1475	1.10625E-08
0.15	1.485E-08
0.1525	1.23525E-08
0.155	8.99E-09
0.1575	6.615E-09
0.16	6.4E-09
0.1625	7.9625E-09
0.165	1.2375E-08
0.1675	1.22275E-08
0.17	1.547E-08
0.1725	1.22475E-08
0.175	9.275E-09
0.1775	7.455E-09
0.18	6.84E-09
0.1825	8.9425E-09
0.185	1.295E-08
0.1875	1.21875E-08
0.19	1.672E-08
0.1925	1.36675E-08
0.195	1.0335E-08
0.1975	9.085E-09
0.2	8.4E-09
0.2025	9.72E-09
0.205	1.3325E-08
0.2075	1.328E-08
0.21	1.722E-08
0.2125	1.38125E-08
0.215	1.0965E-08
0.2175	1.0875E-08
0.22	1.012E-08
0.2225	1.157E-08
0.225	1.485E-08
0.2275	1.43325E-08
0.23	1.748E-08
0.2325	1.55775E-08
0.235	1.2455E-08
0.2375	1.0925E-08
0.24	1.104E-08